Frame#0:
  ProbeToWorldMatrix: [[0.5010561965006022, -0.8416116967686124, 0.2015748987612465, -111.787], [-0.1015169653528192, 0.1741553087085236, 0.9794714055010453, -121.794], [-0.8594399302417266, -0.5112334890349963, 0.001823731120494415, -694.952], [0, 0, 0, 1]]
  ReferenceToWorldMatrix: [[0.3015933820255989, 0.9534312111600557, -0.003218307665632203, -227.077], [-0.02841309269328712, 0.005613664687885489, -0.9995805034775214, 112.116], [-0.953013183582454, 0.3015583067246558, 0.0287829734981408, -564.338], [0, 0, 0, 1]]
  TimeStamp: 1571970332.98742
Frame#1:
  ProbeToWorldMatrix: [[0.5008998796034887, -0.841748319082278, 0.201392844796855, -111.793], [-0.1014399588582512, 0.1739888636713634, 0.9795089637492778, -121.814], [-0.8595401359797266, -0.5110652039030903, 0.001764086008625404, -694.928], [0, 0, 0, 1]]
  ReferenceToWorldMatrix: [[0.3015629897264136, 0.9534408846071422, -0.003200435410595343, -227.072], [-0.02853781117674009, 0.005670899278348518, -0.999576627495169, 112.122], [-0.9530190746047572, 0.3015266496695197, 0.02891924927391881, -564.34], [0, 0, 0, 1]]
  TimeStamp: 1571970333.736182
Frame#2:
  ProbeToWorldMatrix: [[0.5009343419153759, -0.8416837563698445, 0.2015768819903649, -111.789], [-0.1018212749312789, 0.1739763435628481, 0.9794716227905079, -121.814], [-0.8594749636034654, -0.5111757879082793, 0.001449412008973222, -694.938], [0, 0, 0, 1]]
  ReferenceToWorldMatrix: [[0.3016357330147979, 0.9534175649630229, -0.003291107504433481, -227.068], [-0.02843664330320377, 0.005546134252919999, -0.9995802107447381, 112.128], [-0.952999077589413, 0.3016026976252513, 0.02878490748464063, -564.353], [0, 0, 0, 1]]
  TimeStamp: 1571970333.271342
Frame#3:
  ProbeToWorldMatrix: [[0.5010230020190392, -0.8416668606223152, 0.2014270269303663, -111.789], [-0.1013456851319821, 0.1740850097991225, 0.9795016393392963, -121.806], [-0.8594794957140975, -0.5111666118727004, 0.001921289573417195, -694.947], [0, 0, 0, 1]]
  ReferenceToWorldMatrix: [[0.3015712353071257, 0.9534379865824132, -0.003285692774546303, -227.074], [-0.02851426507083166, 0.005574328399783612, -0.999577842666774, 112.12], [-0.9530171702140549, 0.3015376139133653, 0.02886764057954139, -564.346], [0, 0, 0, 1]]
  TimeStamp: 1571970333.471473
Frame#4:
  ProbeToWorldMatrix: [[0.5009086527800691, -0.8417032993621005, 0.2015591164224785, -111.794], [-0.1016317808898754, 0.1740683088149234, 0.9794749639370396, -121.808], [-0.8595123633102718, -0.5111122965741154, 0.001648516765134139, -694.929], [0, 0, 0, 1]]
  ReferenceToWorldMatrix: [[0.3016070642441032, 0.9534266827659673, -0.003277100538096919, -227.07], [-0.02862365075861682, 0.00561908886201401, -0.9995744656890798, 112.123], [-0.9530025526803703, 0.3015725226711548, 0.02898530928683835, -564.3440000000001], [0, 0, 0, 1]]
  TimeStamp: 1571970333.662838
Frame#5:
  ProbeToWorldMatrix: [[0.5009653082107052, -0.8417451450030604, 0.201243312517782, -111.795], [-0.1011815787927334, 0.1739686519357228, 0.9795392775466827, -121.824], [-0.8595324590045235, -0.5110773121626941, 0.001983156623452276, -694.934], [0, 0, 0, 1]]
  ReferenceToWorldMatrix: [[0.3016603390016242, 0.9534097165008002, -0.003309434285283776, -227.066], [-0.02821559581604902, 0.005457736320478968, -0.9995869613330304, 112.13], [-0.9529978594027221, 0.3016291192774989, 0.02854740579649762, -564.357], [0, 0, 0, 1]]
  TimeStamp: 1571970333.885845
Frame#6:
  ProbeToWorldMatrix: [[0.5008962822698948, -0.8417567578258122, 0.20136651921999, -111.796], [-0.101560319928175, 0.1738866552672951, 0.9795146413076424, -121.826], [-0.8595280192200161, -0.5110860903747328, 0.001610093533242152, -694.928], [0, 0, 0, 1]]
  ReferenceToWorldMatrix: [[0.3016066413016497, 0.9534267761547534, -0.003288834731599992, -227.077], [-0.02842485561887735, 0.005543865671412018, -0.9995805586026887, 112.12], [-0.9530086366375615, 0.3015736196429838, 0.02877308516035265, -564.338], [0, 0, 0, 1]]
  TimeStamp: 1571970333.12621
Frame#7:
  ProbeToWorldMatrix: [[0.5009369663529044, -0.8417316709180147, 0.2013701812948378, -111.79], [-0.1015457935209758, 0.1738996441931869, 0.9795138414375153, -121.833], [-0.8595060253188131, -0.511122987081436, 0.001638449756877824, -694.933], [0, 0, 0, 1]]
  ReferenceToWorldMatrix: [[0.3016028953999907, 0.9534282248960799, -0.003211457278598681, -227.071], [-0.02841774899672094, 0.005622621337923683, -0.999580320770297, 112.121], [-0.953010034064858, 0.30156758131603, 0.02879008285674151, -564.343], [0, 0, 0, 1]]
  TimeStamp: 1571970333.146789
Frame#8:
  ProbeToWorldMatrix: [[0.5010530746236379, -0.8416130787020228, 0.2015768889726744, -111.778], [-0.101497524401216, 0.1741691814100665, 0.979470953518976, -121.783], [-0.8594440464338698, -0.5112264879724545, 0.001846359858254903, -694.963], [0, 0, 0, 1]]
  ReferenceToWorldMatrix: [[0.3017465101094643, 0.9533822776977386, -0.003358006645469207, -227.069], [-0.02820915414318078, 0.005407476884976947, -0.9995874162954758, 112.128], [-0.9529707693624634, 0.3017167409435719, 0.02852579490749174, -564.355], [0, 0, 0, 1]]
  TimeStamp: 1571970333.165816
Frame#9:
  ProbeToWorldMatrix: [[0.5009528900137018, -0.8416878061811797, 0.2015138677928469, -111.787], [-0.1015985423077345, 0.1740355188353432, 0.9794842389669457, -121.793], [-0.8594905108189757, -0.5111489754559095, 0.001669341939396385, -694.956], [0, 0, 0, 1]]
  ReferenceToWorldMatrix: [[0.3016727107178287, 0.95340577950465, -0.003315903389354499, -227.08], [-0.02817505644621028, 0.005438510896422166, -0.9995882096110789, 112.117], [-0.9529951425911937, 0.3016419105601206, 0.02850291197807875, -564.35], [0, 0, 0, 1]]
  TimeStamp: 1571970333.18775
Frame#10:
  ProbeToWorldMatrix: [[0.5010185808768137, -0.8416492492706746, 0.2015115947490209, -111.786], [-0.1013949889658903, 0.1741540922977146, 0.9794842563045953, -121.794], [-0.8594762578621883, -0.5111720780109855, 0.001915419833940724, -694.947], [0, 0, 0, 1]]
  ReferenceToWorldMatrix: [[0.3016002885362448, 0.9534291255079658, -0.003188822348406103, -227.066], [-0.0283901563230405, 0.005637538120638053, -0.99958102082217, 112.126], [-0.9530116814492923, 0.3015644554602781, 0.02876828503992945, -564.352], [0, 0, 0, 1]]
  TimeStamp: 1571970333.206741
Frame#11:
  ProbeToWorldMatrix: [[0.5009612185698415, -0.8417259040955956, 0.2013339510948697, -111.786], [-0.1013974403888915, 0.1739457600600562, 0.9795210215404825, -121.821], [-0.8595094045858955, -0.5111167918700981, 0.001791227740424062, -694.938], [0, 0, 0, 1]]
  ReferenceToWorldMatrix: [[0.3014809917796951, 0.9534673335473584, -0.003042277702978056, -227.07], [-0.02840290793591646, 0.005791428176170843, -0.9995797787973025, 112.114], [-0.9530490472249135, 0.3014407126082522, 0.02882725040502221, -564.335], [0, 0, 0, 1]]
  TimeStamp: 1571970333.250587
Frame#12:
  ProbeToWorldMatrix: [[0.5010452328594532, -0.8416618655188566, 0.2013925985733695, -111.781], [-0.1013830983711009, 0.1740227480000218, 0.9795088312737137, -121.81], [-0.8594621236526319, -0.5111960360858043, 0.001862980587410329, -694.952], [0, 0, 0, 1]]
  ReferenceToWorldMatrix: [[0.3014745405466903, 0.9534687397948617, -0.00323475442042694, -227.067], [-0.02855031284138095, 0.005636061073757082, -0.9995764675362422, 112.13], [-0.9530466835569081, 0.3014392095424404, 0.02892095972832454, -564.346], [0, 0, 0, 1]]
  TimeStamp: 1571970333.266024
Frame#13:
  ProbeToWorldMatrix: [[0.5008449711301746, -0.8417978948404422, 0.2013221774564687, -111.804], [-0.1015139490241376, 0.1738625159850754, 0.9795237330911711, -121.832], [-0.8595633967585745, -0.511026545081113, 0.001623938213705572, -694.917], [0, 0, 0, 1]]
  ReferenceToWorldMatrix: [[0.301595292203021, 0.9534306323627278, -0.003210762118753769, -227.07], [-0.02846398069520513, 0.005637738353367672, -0.9995789202005222, 112.121], [-0.9530110605464962, 0.3015596875888218, 0.02883874645983803, -564.348], [0, 0, 0, 1]]
  TimeStamp: 1571970333.307037
Frame#14:
  ProbeToWorldMatrix: [[0.5011283733743469, -0.8416220546254398, 0.2013521059418918, -111.77], [-0.1010720610963364, 0.1741608568584976, 0.9795164288586755, -121.785], [-0.8594502846965147, -0.511214547041032, 0.002212471177854808, -694.965], [0, 0, 0, 1]]
  ReferenceToWorldMatrix: [[0.3016561445360365, 0.9534109464397106, -0.003337315176800412, -227.067], [-0.02840894021299866, 0.005489567238341153, -0.9995813107334039, 112.124], [-0.9529934430937226, 0.3016246539334461, 0.0287413562641135, -564.347], [0, 0, 0, 1]]
  TimeStamp: 1571970333.326904
Frame#15:
  ProbeToWorldMatrix: [[0.5010495301738378, -0.8416135761477441, 0.2015836222424378, -111.777], [-0.1014380792899205, 0.1742123678076526, 0.9794694313621142, -121.776], [-0.8594531309981646, -0.511210953860201, 0.001917360371747778, -694.965], [0, 0, 0, 1]]
  ReferenceToWorldMatrix: [[0.301551184958482, 0.9534448173322343, -0.003140565623843078, -227.064], [-0.02851994234325914, 0.005727637015674636, -0.9995768139882766, 112.128], [-0.9530233448026719, 0.3015131414657062, 0.0289193669468833, -564.349], [0, 0, 0, 1]]
  TimeStamp: 1571970333.348757
Frame#16:
  ProbeToWorldMatrix: [[0.5010743150940437, -0.8416307780817358, 0.2014501529872011, -111.78], [-0.1011988833838537, 0.1741993750143294, 0.9794964848055748, -121.784], [-0.8594668793821527, -0.5111870608007882, 0.00211473756175995, -694.9589999999999], [0, 0, 0, 1]]
  ReferenceToWorldMatrix: [[0.3016784653994317, 0.9534038998187357, -0.003332765318783008, -227.071], [-0.02849588221142649, 0.0055225628346246, -0.999578654232237, 112.129], [-0.9529837817146924, 0.3016463245427728, 0.02883412351017084, -564.351], [0, 0, 0, 1]]
  TimeStamp: 1571970333.367769
Frame#17:
  ProbeToWorldMatrix: [[0.5010650899997604, -0.8416812495306883, 0.2012621419243852, -111.787], [-0.1012069442410763, 0.1739757485211729, 0.9795353966875733, -121.824], [-0.8594713084338045, -0.5111801180747907, 0.001989186800525428, -694.956], [0, 0, 0, 1]]
  ReferenceToWorldMatrix: [[0.3015923091796199, 0.9534315897928255, -0.003206653836992193, -227.078], [-0.02814414643639879, 0.005540747559258874, -0.9995885189105822, 112.116], [-0.9530215034641514, 0.3015584581828377, 0.02850456513119598, -564.347], [0, 0, 0, 1]]
  TimeStamp: 1571970333.386901
Frame#18:
  ProbeToWorldMatrix: [[0.5008695890330948, -0.8417723303997354, 0.2013678190655542, -111.796], [-0.1016179664779852, 0.173853834228426, 0.9795144885160986, -121.836], [-0.8595367610932636, -0.5110716076025686, 0.001538906049163735, -694.92], [0, 0, 0, 1]]
  ReferenceToWorldMatrix: [[0.3015914950953891, 0.9534318558727438, -0.003204105676104976, -227.075], [-0.02835881997899162, 0.005611321184955165, -0.9995820578641649, 112.116], [-0.9530153972604678, 0.3015563119578414, 0.02873052910856211, -564.345], [0, 0, 0, 1]]
  TimeStamp: 1571970333.406316
Frame#19:
  ProbeToWorldMatrix: [[0.5009519354682364, -0.8417274611257984, 0.2013505389546935, -111.792], [-0.1013178240806436, 0.1740123834003121, 0.9795174265662181, -121.812], [-0.859524203774502, -0.5110915491475674, 0.001889845429636661, -694.933], [0, 0, 0, 1]]
  ReferenceToWorldMatrix: [[0.301618907340762, 0.9534228069252972, -0.003314508900555774, -227.067], [-0.02845865855889408, 0.005528034047082242, -0.9995796844637261, 112.127], [-0.9530037457888573, 0.3015864587050641, 0.02880049371357302, -564.348], [0, 0, 0, 1]]
  TimeStamp: 1571970333.42779
Frame#20:
  ProbeToWorldMatrix: [[0.50103850653646, -0.8417046512412029, 0.2012304525827012, -111.786], [-0.1011254379831002, 0.1739872705757359, 0.9795417681091153, -121.826], [-0.8594963995040583, -0.5111376622364375, 0.002056570696442411, -694.942], [0, 0, 0, 1]]
  ReferenceToWorldMatrix: [[0.3015520466243851, 0.9534443487481616, -0.003199533847058687, -227.074], [-0.02845186955614926, 0.005644306276929245, -0.999579227938142, 112.114], [-0.9530251068546959, 0.3015161946676265, 0.0288293263492132, -564.338], [0, 0, 0, 1]]
  TimeStamp: 1571970333.448157
Frame#21:
  ProbeToWorldMatrix: [[0.500956121791042, -0.8416093265190744, 0.2018333608603616, -111.802], [-0.102241391089365, 0.1740249520183919, 0.9794192228168223, -121.812], [-0.8594123934341361, -0.5112817790525167, 0.001131556760912089, -694.936], [0, 0, 0, 1]]
  ReferenceToWorldMatrix: [[0.3014691236651391, 0.9534707746710108, -0.003138363400813003, -227.069], [-0.02858271781893322, 0.005747189875829228, -0.9995749086739893, 112.13], [-0.9530474257447299, 0.3014306747111077, 0.02898538639642456, -564.346], [0, 0, 0, 1]]
  TimeStamp: 1571970333.467323
Frame#22:
  ProbeToWorldMatrix: [[0.5009700626548366, -0.84169593234278, 0.2014372204961827, -111.787], [-0.1016612054936255, 0.1739090924830586, 0.9795001923681802, -121.815], [-0.8594730918540685, -0.5111786234080389, 0.001555425816435613, -694.954], [0, 0, 0, 1]]
  ReferenceToWorldMatrix: [[0.3016177058480144, 0.953423344606154, -0.003268865092946118, -227.074], [-0.02843812430268055, 0.005569351266709766, -0.9995800395229056, 112.12], [-0.9530047390255341, 0.3015839987242082, 0.02879338653911395, -564.35], [0, 0, 0, 1]]
  TimeStamp: 1571970333.487187
Frame#23:
  ProbeToWorldMatrix: [[0.5008087084188307, -0.841776952832912, 0.2014998740724167, -111.805], [-0.1018997088107766, 0.1738398586405249, 0.9794876992040895, -121.835], [-0.8595388803981709, -0.5110687480439198, 0.001283688700176838, -694.91], [0, 0, 0, 1]]
  ReferenceToWorldMatrix: [[0.3016445643139553, 0.9534148402280381, -0.003270971230188226, -227.067], [-0.02848651348254539, 0.005583308475700544, -0.9995785838122353, 112.13], [-0.9529947929393177, 0.301610624977652, 0.02884363935319795, -564.35], [0, 0, 0, 1]]
  TimeStamp: 1571970333.506981
Frame#24:
  ProbeToWorldMatrix: [[0.5008828198908505, -0.8417588884509996, 0.2013910982440084, -111.793], [-0.1017217573929243, 0.173819233711046, 0.9795098560325977, -121.848], [-0.8595167740137974, -0.5111055152371599, 0.001437874498105368, -694.919], [0, 0, 0, 1]]
  ReferenceToWorldMatrix: [[0.3015479437117529, 0.9534453756562717, -0.003279219859163666, -227.062], [-0.02844971874505174, 0.005559953948104768, -0.9995797619076843, 112.131], [-0.9530264692790757, 0.301514514661842, 0.02880184545637415, -564.3440000000001], [0, 0, 0, 1]]
  TimeStamp: 1571970333.526661
Frame#25:
  ProbeToWorldMatrix: [[0.5009756309658562, -0.8417634001123129, 0.2011412324952817, -111.787], [-0.1011754547222956, 0.1738535301289735, 0.9795603490461581, -121.829], [-0.8595271633520951, -0.5110864195936464, 0.001930587177055104, -694.946], [0, 0, 0, 1]]
  ReferenceToWorldMatrix: [[0.3016049855567247, 0.9534270890805272, -0.003349402149668475, -227.064], [-0.02842362333369489, 0.005479923944672338, -0.9995809462320422, 112.123], [-0.9530091973973347, 0.3015737989961876, 0.02875262483835095, -564.347], [0, 0, 0, 1]]
  TimeStamp: 1571970333.547449
Frame#26:
  ProbeToWorldMatrix: [[0.5008147365541575, -0.8417776471903679, 0.2014819901153408, -111.8], [-0.1017752374069943, 0.1738930668661971, 0.979491195645279, -121.818], [-0.8595501152934245, -0.5110495024814297, 0.001416090584488217, -694.929], [0, 0, 0, 1]]
  ReferenceToWorldMatrix: [[0.3016039293320048, 0.953427854715725, -0.003224230709059047, -227.067], [-0.02851906732171857, 0.005641323374033336, -0.9995773298097995, 112.126], [-0.9530066802549677, 0.3015684023944812, 0.02889231847128032, -564.351], [0, 0, 0, 1]]
  TimeStamp: 1571970333.566818
Frame#27:
  ProbeToWorldMatrix: [[0.5008682747529241, -0.8417404599973699, 0.2015042663306297, -111.797], [-0.1017529187766321, 0.1739323629398189, 0.9794865372441864, -121.828], [-0.8595215616064936, -0.511097379298297, 0.001467653892249232, -694.924], [0, 0, 0, 1]]
  ReferenceToWorldMatrix: [[0.3016003569776157, 0.9534292896804268, -0.00313277041158051, -227.065], [-0.02834584404896997, 0.005682283679194544, -0.9995820250371357, 112.123], [-0.9530129788182984, 0.3015630966011359, 0.02873953674309476, -564.353], [0, 0, 0, 1]]
  TimeStamp: 1571970333.586683
Frame#28:
  ProbeToWorldMatrix: [[0.5008152619021384, -0.8417884579773226, 0.2014355119189614, -111.801], [-0.1018177976626196, 0.1738136812639141, 0.9795008628299521, -121.835], [-0.859544768772998, -0.5110587013461839, 0.001339497415298402, -694.921], [0, 0, 0, 1]]
  ReferenceToWorldMatrix: [[0.3016844073404862, 0.953402033579509, -0.003328773659559231, -227.073], [-0.02853188849552479, 0.005538333567285503, -0.9995775398638049, 112.128], [-0.9529808233676577, 0.3016519339035545, 0.02887318939339767, -564.351], [0, 0, 0, 1]]
  TimeStamp: 1571970333.60641
Frame#29:
  ProbeToWorldMatrix: [[0.5010203569278187, -0.8415945960930461, 0.2017353161221492, -111.789], [-0.1017895017873972, 0.1741797976704803, 0.9794387655230641, -121.803], [-0.8594285888134013, -0.5112532972123044, 0.00160212975520227, -694.944], [0, 0, 0, 1]]
  ReferenceToWorldMatrix: [[0.3016068121554826, 0.9534269964008314, -0.003208332198571559, -227.066], [-0.02817230139089234, 0.005548352084575492, -0.9995876836093401, 112.122], [-0.953016081866276, 0.3015728408249566, 0.02853365348176246, -564.352], [0, 0, 0, 1]]
  TimeStamp: 1571970333.631426
Frame#30:
  ProbeToWorldMatrix: [[0.5009067429298272, -0.8417658312852313, 0.2013025587719021, -111.797], [-0.1014932644411142, 0.1738521222108053, 0.9795277213412006, -121.841], [-0.859529843670665, -0.5110828943366059, 0.00165013817592638, -694.923], [0, 0, 0, 1]]
  ReferenceToWorldMatrix: [[0.3015506218961777, 0.9534446885436109, -0.00323238642569736, -227.064], [-0.02837112043517277, 0.005584271681929265, -0.999581860297112, 112.13], [-0.9530279649408412, 0.301516238033309, 0.02873423468546954, -564.348], [0, 0, 0, 1]]
  TimeStamp: 1571970333.653378
Frame#31:
  ProbeToWorldMatrix: [[0.5011635480779186, -0.8414752489904048, 0.2018774465226068, -111.781], [-0.1018665369522667, 0.1742996947832315, 0.9794094266688599, -121.773], [-0.859335968482237, -0.5114088596563503, 0.001634483920763707, -694.967], [0, 0, 0, 1]]
  ReferenceToWorldMatrix: [[0.3016421705664861, 0.9534154674533909, -0.003308678976733528, -227.074], [-0.02829369998328312, 0.00548267638463612, -0.999584617128994, 112.116], [-0.9530012945831684, 0.3016104883459684, 0.02862945760072311, -564.3440000000001], [0, 0, 0, 1]]
  TimeStamp: 1571970333.67336
Frame#32:
  ProbeToWorldMatrix: [[0.5010784862021503, -0.8416596784502037, 0.2013189914947449, -111.786], [-0.1011131853203804, 0.1740977107222678, 0.9795234100702402, -121.808], [-0.8594745338983163, -0.5111741120130843, 0.002133726296146637, -694.953], [0, 0, 0, 1]]
  ReferenceToWorldMatrix: [[0.3015929972002883, 0.9534314820815255, -0.003173801438701183, -227.071], [-0.02836860916934839, 0.005646237300984791, -0.9995815834728737, 112.125], [-0.953014630555871, 0.3015568420383898, 0.0287503907154314, -564.354], [0, 0, 0, 1]]
  TimeStamp: 1571970333.693237
Frame#33:
  ProbeToWorldMatrix: [[0.5010328455300261, -0.8416109832331106, 0.2016359109917721, -111.785], [-0.1015290324668787, 0.1742190787706984, 0.9794588139164551, -121.784], [-0.8594521180766411, -0.511212935569598, 0.00184153194094655, -694.949], [0, 0, 0, 1]]
  ReferenceToWorldMatrix: [[0.3016674488150102, 0.9534075016472709, -0.003299413304263654, -227.073], [-0.02843100882974915, 0.005536647177024678, -0.9995804236153087, 112.127], [-0.9529892066872352, 0.3016346819262439, 0.02877656332656447, -564.345], [0, 0, 0, 1]]
  TimeStamp: 1571970333.711431
Frame#34:
  ProbeToWorldMatrix: [[0.5010790638038999, -0.8416496649535276, 0.2013594132416506, -111.773], [-0.1012894521098405, 0.1740399152318791, 0.9795154694017694, -121.792], [-0.8594534418505143, -0.511210279033682, 0.001957524357326379, -694.9690000000001], [0, 0, 0, 1]]
  ReferenceToWorldMatrix: [[0.3016870111509286, 0.9534006847346069, -0.003475866856224821, -227.075], [-0.02845332353064095, 0.005359329606438923, -0.999580755099972, 112.119], [-0.9529823480436982, 0.3016594303743085, 0.02874425826782767, -564.341], [0, 0, 0, 1]]
  TimeStamp: 1571970333.733261
Frame#35:
  ProbeToWorldMatrix: [[0.5009621841072551, -0.841664413261096, 0.2015884558806473, -111.798], [-0.1017234716884944, 0.1740480386981606, 0.9794690477666784, -121.812], [-0.8594703167661631, -0.5111832310191509, 0.001574459492236197, -694.929], [0, 0, 0, 1]]
  ReferenceToWorldMatrix: [[0.3016250523852503, 0.9534210057052774, -0.00327317178470265, -227.07], [-0.02834035766435218, 0.005534129123186904, -0.9995830118315858, 112.12], [-0.953005326271082, 0.3015920411661837, 0.02868952429308191, -564.343], [0, 0, 0, 1]]
  TimeStamp: 1571970333.752146
Frame#36:
  ProbeToWorldMatrix: [[0.5009984002681713, -0.8416698881244099, 0.2014755626704559, -111.79], [-0.1015655616963116, 0.1740106605356546, 0.979492075872622, -121.815], [-0.8594678816605342, -0.5111869417782391, 0.001694387607743347, -694.944], [0, 0, 0, 1]]
  ReferenceToWorldMatrix: [[0.3016159494461573, 0.9534239320849406, -0.003259565520684888, -227.075], [-0.02844055902827886, 0.005579815881577077, -0.9995799118914339, 112.117], [-0.95300522225319, 0.3015819480380387, 0.02879887108429202, -564.345], [0, 0, 0, 1]]
  TimeStamp: 1571970333.772673
Frame#37:
  ProbeToWorldMatrix: [[0.5010264278403955, -0.8415847649308067, 0.2017612500998444, -111.783], [-0.101951517030867, 0.1741136080580792, 0.9794336831374051, -121.775], [-0.8594058452096994, -0.5112920250946191, 0.001434675588980833, -694.9690000000001], [0, 0, 0, 1]]
  ReferenceToWorldMatrix: [[0.3016572964529046, 0.9534106533675349, -0.00331685724966938, -227.066], [-0.02837008471112107, 0.0054987544198421, -0.9995823637866537, 112.13], [-0.9529942359690368, 0.3016254129630336, 0.02870708039267034, -564.36], [0, 0, 0, 1]]
  TimeStamp: 1571970333.791919
Frame#38:
  ProbeToWorldMatrix: [[0.5009362399018386, -0.8416759647105512, 0.2016046973202034, -111.789], [-0.1017809309434554, 0.174032710791501, 0.9794658021956896, -121.801], [-0.8594786359469857, -0.5111694298401704, 0.001512728522847895, -694.938], [0, 0, 0, 1]]
  ReferenceToWorldMatrix: [[0.301669080505399, 0.9534071328693788, -0.003256510527759668, -227.07], [-0.02847163304501611, 0.005594537548137601, -0.9995789449870242, 112.126], [-0.952987477346254, 0.3016347793995461, 0.0288327570275575, -564.349], [0, 0, 0, 1]]
  TimeStamp: 1571970333.811527
Frame#39:
  ProbeToWorldMatrix: [[0.5009446628654775, -0.8416981550709162, 0.2014910928473251, -111.8], [-0.1016925347562082, 0.1739530982816893, 0.9794891260106252, -121.828], [-0.8594841901521231, -0.5111599899722367, 0.001546457284340719, -694.926], [0, 0, 0, 1]]
  ReferenceToWorldMatrix: [[0.3015630127746619, 0.9534409885143492, -0.003167135464340764, -227.066], [-0.02827225104392473, 0.005621790862748166, -0.999584451303843, 112.123], [-0.953026982381495, 0.3015272407068321, 0.02865124717260487, -564.346], [0, 0, 0, 1]]
  TimeStamp: 1571970333.832578
Frame#40:
  ProbeToWorldMatrix: [[0.5009572324494787, -0.8417271454067614, 0.2013386796965344, -111.789], [-0.1013105328088425, 0.1740029319032185, 0.9795198597430641, -121.827], [-0.8595219759834808, -0.5110952869812716, 0.00189220162350634, -694.9299999999999], [0, 0, 0, 1]]
  ReferenceToWorldMatrix: [[0.3015715335750263, 0.9534379765578331, -0.003261133930408331, -227.059], [-0.02836774216520165, 0.005553724993656639, -0.9995821263623834, 112.127], [-0.95302144852131, 0.3015380257877936, 0.02872172805289519, -564.349], [0, 0, 0, 1]]
  TimeStamp: 1571970333.85301
Frame#41:
  ProbeToWorldMatrix: [[0.5009701268098962, -0.841691511656847, 0.2014555316909627, -111.787], [-0.1014620646706594, 0.1740488361233273, 0.9794960194288092, -121.809], [-0.8594965860763167, -0.5111383392477296, 0.00179350891534602, -694.9450000000001], [0, 0, 0, 1]]
  ReferenceToWorldMatrix: [[0.3016599719091004, 0.9534099598222265, -0.003272592180664139, -227.072], [-0.02827066975768946, 0.005513782414726554, -0.9995850976454855, 112.121], [-0.9529963434238625, 0.3016273308492837, 0.0286168255661654, -564.351], [0, 0, 0, 1]]
  TimeStamp: 1571970333.872277
Frame#42:
  ProbeToWorldMatrix: [[0.5010343362881028, -0.84160811100815, 0.2016441949217321, -111.792], [-0.1017035207978937, 0.1741249301718185, 0.9794574531596416, -121.8], [-0.8594306183268389, -0.5112497395382735, 0.001648060798255857, -694.951], [0, 0, 0, 1]]
  ReferenceToWorldMatrix: [[0.3015979553656127, 0.9534299715584805, -0.003156367101094485, -227.07], [-0.0284613511957321, 0.005694018691925096, -0.9995786760626945, 112.126], [-0.9530102962756462, 0.3015607194001417, 0.02885320965636096, -564.35], [0, 0, 0, 1]]
  TimeStamp: 1571970333.891874
Frame#43:
  ProbeToWorldMatrix: [[0.5009723674779879, -0.8415945942452979, 0.2018544672792561, -111.799], [-0.1021128124260951, 0.1741260343906908, 0.9794146709569982, -121.797], [-0.8594182105133292, -0.511271613806658, 0.001294740747272205, -694.934], [0, 0, 0, 1]]
  ReferenceToWorldMatrix: [[0.301525686107547, 0.9534526094766407, -0.003222126558289743, -227.066], [-0.02836966835711527, 0.005593780374902269, -0.9995818483438087, 112.127], [-0.9530358978205806, 0.3014910133043802, 0.02873580279055571, -564.349], [0, 0, 0, 1]]
  TimeStamp: 1571970333.91112
Frame#44:
  ProbeToWorldMatrix: [[0.5010462263494935, -0.8417074996894179, 0.2011993141825304, -111.782], [-0.1011801957641223, 0.1739184890413547, 0.9795483281363438, -121.836], [-0.8594854548193739, -0.511156379336266, 0.001977073031871196, -694.948], [0, 0, 0, 1]]
  ReferenceToWorldMatrix: [[0.3015574739308089, 0.9534430023025096, -0.003087276606710474, -227.067], [-0.02822427994167132, 0.005690162774022234, -0.9995854200964414, 112.122], [-0.9530301568881457, 0.3015195904215545, 0.02862615331780277, -564.345], [0, 0, 0, 1]]
  TimeStamp: 1571970333.932832
Frame#45:
  ProbeToWorldMatrix: [[0.5010159680200329, -0.8417115846251587, 0.2012575665577669, -111.785], [-0.1010411446502898, 0.1740688862774716, 0.9795359666280152, -121.806], [-0.8595194511334278, -0.5110984554251023, 0.002163789584541193, -694.942], [0, 0, 0, 1]]
  ReferenceToWorldMatrix: [[0.3016085250926956, 0.9534261686496671, -0.003292191583981106, -227.067], [-0.0283964336016413, 0.005531411912840456, -0.9995814354223262, 112.123], [-0.953008887760296, 0.3015757689474858, 0.02874222388083958, -564.346], [0, 0, 0, 1]]
  TimeStamp: 1571970333.952042
Frame#46:
  ProbeToWorldMatrix: [[0.5009565999664751, -0.8417066676226391, 0.2014258439962988, -111.792], [-0.1014612919838261, 0.1740147149078844, 0.9795021619294675, -121.813], [-0.8595045614649185, -0.5111249990707948, 0.001773173955995411, -694.936], [0, 0, 0, 1]]
  ReferenceToWorldMatrix: [[0.3016011322957706, 0.9534283371295287, -0.00334110106566651, -227.069], [-0.02837027588904423, 0.005471623769045586, -0.9995825072395522, 112.127], [-0.9530120064531656, 0.3015700039655005, 0.02869927288903801, -564.351], [0, 0, 0, 1]]
  TimeStamp: 1571970333.971728
Frame#47:
  ProbeToWorldMatrix: [[0.5010457212147224, -0.8416382986691348, 0.2014898495352643, -111.788], [-0.1012913022680601, 0.1741905260958024, 0.9794885056514488, -121.793], [-0.8594726623559701, -0.5111776939888831, 0.002026778465572032, -694.947], [0, 0, 0, 1]]
  ReferenceToWorldMatrix: [[0.3015457494783763, 0.9534464349606928, -0.00317121936636153, -227.069], [-0.02842535723124048, 0.005665403354645882, -0.9995798628779521, 112.125], [-0.953027890482645, 0.3015092019583721, 0.02881043381528442, -564.345], [0, 0, 0, 1]]
  TimeStamp: 1571970334.116703
Frame#48:
  ProbeToWorldMatrix: [[0.5010079204134696, -0.841723788310441, 0.2012265585733908, -111.786], [-0.1009706866291374, 0.1740746726278658, 0.9795422036804448, -121.803], [-0.8595324217995567, -0.5110763862103405, 0.002223360872158686, -694.943], [0, 0, 0, 1]]
  ReferenceToWorldMatrix: [[0.301618103472681, 0.9534233362417716, -0.00323443459553651, -227.064], [-0.02831514703470608, 0.005566544412264895, -0.999583546299012, 112.135], [-0.9530082749409609, 0.3015840769883515, 0.02867529252052953, -564.351], [0, 0, 0, 1]]
  TimeStamp: 1571970334.521977
Frame#49:
  ProbeToWorldMatrix: [[0.5009665781679797, -0.8417715589875084, 0.2011296349084465, -111.79], [-0.1010825624125811, 0.1738952428131577, 0.979562535065046, -121.837], [-0.8595433689667858, -0.5110587901667405, 0.002027278603307092, -694.936], [0, 0, 0, 1]]
  ReferenceToWorldMatrix: [[0.3016172409456915, 0.9534236470792233, -0.00322322113134087, -227.068], [-0.02827387653070767, 0.005565213373941003, -0.9995847219250747, 112.127], [-0.9530097732291287, 0.301583118874806, 0.02863554678209718, -564.348], [0, 0, 0, 1]]
  TimeStamp: 1571970334.715492
Frame#50:
  ProbeToWorldMatrix: [[0.5007942466609288, -0.8418760858786617, 0.2011213030410684, -111.798], [-0.1014048640835265, 0.1736935183442171, 0.9795650132714055, -121.845], [-0.8596058259757867, -0.5109552012758375, 0.001614384605381436, -694.926], [0, 0, 0, 1]]
  ReferenceToWorldMatrix: [[0.3016466210863459, 0.9534141906418607, -0.003270637539674916, -227.068], [-0.02838424247277477, 0.005551355904330257, -0.9995816711139066, 112.127], [-0.9529971934724871, 0.3016132681603197, 0.02873648731515188, -564.355], [0, 0, 0, 1]]
  TimeStamp: 1571970334.974113
Frame#51:
  ProbeToWorldMatrix: [[0.5009147439461311, -0.8417135247154659, 0.201501269495874, -111.793], [-0.1018249325135886, 0.1738861407350301, 0.9794872603453709, -121.834], [-0.859485952425044, -0.5111574633822187, 0.001394708812141487, -694.927], [0, 0, 0, 1]]
  ReferenceToWorldMatrix: [[0.3016016576448396, 0.9534282646615666, -0.00331424958604054, -227.068], [-0.02845871953679276, 0.00552777867797094, -0.9995796841398956, 112.125], [-0.9530092032022623, 0.3015692089841419, 0.02880053479482436, -564.346], [0, 0, 0, 1]]
  TimeStamp: 1571970334.136453
Frame#52:
  ProbeToWorldMatrix: [[0.5010280538110249, -0.8415756997131812, 0.2017950221056156, -111.78], [-0.101927131610161, 0.1741674228100973, 0.9794266530340154, -121.787], [-0.8594077897808824, -0.5112886175967132, 0.001483367783246148, -694.949], [0, 0, 0, 1]]
  ReferenceToWorldMatrix: [[0.3015504819084367, 0.9534449323941251, -0.003172972226793269, -227.066], [-0.0283050509879425, 0.005625653769372851, -0.9995835013185429, 112.121], [-0.9530299737937732, 0.3015146976709918, 0.02868372603081554, -564.347], [0, 0, 0, 1]]
  TimeStamp: 1571970334.177258
Frame#53:
  ProbeToWorldMatrix: [[0.5011520958091714, -0.8414970192183527, 0.2018151221110596, -111.782], [-0.1016274562731113, 0.1743693982549326, 0.9794218565478663, -121.761], [-0.8593709542435859, -0.5113492735878673, 0.001866387855876922, -694.97], [0, 0, 0, 1]]
  ReferenceToWorldMatrix: [[0.3016434062149711, 0.953415132561926, -0.003292489780557266, -227.068], [-0.02851974755812287, 0.005571229407479616, -0.9995777035339024, 112.13], [-0.9529941655048318, 0.3016099242478841, 0.02887168351403757, -564.354], [0, 0, 0, 1]]
  TimeStamp: 1571970334.198005
Frame#54:
  ProbeToWorldMatrix: [[0.5008838869177266, -0.841721593971023, 0.2015442632998284, -111.798], [-0.101651968459756, 0.1740389657299694, 0.9794780833259614, -121.809], [-0.8595244086903215, -0.5110921606232315, 0.001610656707730085, -694.928], [0, 0, 0, 1]]
  ReferenceToWorldMatrix: [[0.301583084490762, 0.9534340890838453, -0.003328801870982931, -227.066], [-0.02847359663733448, 0.005516640996362232, -0.9995793219983353, 112.13], [-0.9530146365316602, 0.3015509980832025, 0.02881142328056896, -564.357], [0, 0, 0, 1]]
  TimeStamp: 1571970334.217305
Frame#55:
  ProbeToWorldMatrix: [[0.5009959081527927, -0.8416753351154557, 0.2014590039497963, -111.789], [-0.1014809195248318, 0.1740417259649053, 0.9794953295424902, -121.818], [-0.8594793324952923, -0.511167397122941, 0.001780205607379792, -694.9349999999999], [0, 0, 0, 1]]
  ReferenceToWorldMatrix: [[0.3015770747034051, 0.9534361707305147, -0.003276637921687659, -227.069], [-0.02848004089633428, 0.005573178049113392, -0.9995788247842069, 112.127], [-0.9530163457590223, 0.3015433766959007, 0.02883464386730222, -564.342], [0, 0, 0, 1]]
  TimeStamp: 1571970334.238452
Frame#56:
  ProbeToWorldMatrix: [[0.5008497311280078, -0.8417661074250768, 0.2014432109043035, -111.801], [-0.1017491087175885, 0.1738635459024582, 0.9794991507303106, -121.846], [-0.8595328182822214, -0.5110785534501102, 0.001430559039032747, -694.9109999999999], [0, 0, 0, 1]]
  ReferenceToWorldMatrix: [[0.3016784178603041, 0.9534038761394333, -0.003343824099428689, -227.074], [-0.02843009707120025, 0.005490144083586723, -0.9995807060455217, 112.122], [-0.9529857615818957, 0.3016469911672345, 0.02876162272766419, -564.34], [0, 0, 0, 1]]
  TimeStamp: 1571970334.256667
Frame#57:
  ProbeToWorldMatrix: [[0.5008930831816962, -0.8417885493160762, 0.2012415400981379, -111.802], [-0.1014576952391253, 0.1738022364573432, 0.9795402588353328, -121.857], [-0.859542003218865, -0.5110624431933556, 0.001650411990696959, -694.924], [0, 0, 0, 1]]
  ReferenceToWorldMatrix: [[0.3016855128992484, 0.9534017776853628, -0.003301759092882254, -227.074], [-0.02822585051353985, 0.005469819908595241, -0.9995866057690824, 112.122], [-0.9529895868631014, 0.3016539928072518, 0.02856074148088122, -564.353], [0, 0, 0, 1]]
  TimeStamp: 1571970334.297346
Frame#58:
  ProbeToWorldMatrix: [[0.500895961989347, -0.8417280634472283, 0.2014872265632372, -111.795], [-0.1016891574508213, 0.1739505059544976, 0.9794899370259585, -121.826], [-0.8595129728629514, -0.5111116205718209, 0.001536488443951572, -694.924], [0, 0, 0, 1]]
  ReferenceToWorldMatrix: [[0.3016179004070435, 0.9534231237850234, -0.003314994125849023, -227.071], [-0.02840569608756178, 0.005510733051798222, -0.9995812864649941, 112.126], [-0.9530056445708114, 0.3015857736254141, 0.02874478322987817, -564.349], [0, 0, 0, 1]]
  TimeStamp: 1571970334.317461
Frame#59:
  ProbeToWorldMatrix: [[0.5008626959557687, -0.8417193877125632, 0.2016061312279639, -111.812], [-0.1019547656851475, 0.1739308574165783, 0.9794658149177135, -121.839], [-0.8595008932828435, -0.5111325945262359, 0.001298175208685637, -694.909], [0, 0, 0, 1]]
  ReferenceToWorldMatrix: [[0.3016683996307336, 0.9534070327980942, -0.003347607409174986, -227.075], [-0.02840563065919443, 0.005478116517656173, -0.9995814676084549, 112.126], [-0.9529896624890984, 0.3016372325336394, 0.02873470268441319, -564.352], [0, 0, 0, 1]]
  TimeStamp: 1571970334.337067
Frame#60:
  ProbeToWorldMatrix: [[0.5009910983706434, -0.8416787579057418, 0.2014566649272841, -111.791], [-0.1015398239830963, 0.1740039593627494, 0.9794959347907312, -121.816], [-0.8594751791057481, -0.5111746185173266, 0.001710521793924447, -694.941], [0, 0, 0, 1]]
  ReferenceToWorldMatrix: [[0.3015864000460824, 0.953433141282606, -0.003299759267924317, -227.066], [-0.02851634997649032, 0.005560722402172147, -0.9995778589736691, 112.122], [-0.9530123089925243, 0.3015531851437619, 0.02886547138692602, -564.341], [0, 0, 0, 1]]
  TimeStamp: 1571970334.356663
Frame#61:
  ProbeToWorldMatrix: [[0.5009752980963249, -0.8416360945340465, 0.2016740813163059, -111.784], [-0.1020624426080644, 0.1739460794692329, 0.9794518973620699, -121.813], [-0.8594224854553049, -0.5112645556018537, 0.001243253419529355, -694.952], [0, 0, 0, 1]]
  ReferenceToWorldMatrix: [[0.3015589284051421, 0.9534419877399015, -0.00325403038207474, -227.071], [-0.02837923298645459, 0.005564409584161489, -0.9995817407701482, 112.121], [-0.9530250950705561, 0.3015251454863505, 0.0287359497005461, -564.345], [0, 0, 0, 1]]
  TimeStamp: 1571970334.377767
Frame#62:
  ProbeToWorldMatrix: [[0.5010620870913323, -0.8416659383474727, 0.2013336362989224, -111.782], [-0.1009704526249129, 0.174199590511627, 0.9795200203989207, -121.789], [-0.8595008740986821, -0.5111290941545492, 0.002301419638294888, -694.955], [0, 0, 0, 1]]
  ReferenceToWorldMatrix: [[0.3015746500001319, 0.953437067942807, -0.003238510447874171, -227.071], [-0.02847705401346579, 0.005612128728464283, -0.9995786919526891, 112.123], [-0.9530172022959563, 0.3015398174101693, 0.02884355463929006, -564.352], [0, 0, 0, 1]]
  TimeStamp: 1571970334.397477
Frame#63:
  ProbeToWorldMatrix: [[0.5009792762938342, -0.8416533083792196, 0.2015923441463498, -111.785], [-0.1017039146845653, 0.1740642324092241, 0.9794682009813397, -121.794], [-0.8594626684515975, -0.5111960010505773, 0.00160313691163258, -694.957], [0, 0, 0, 1]]
  ReferenceToWorldMatrix: [[0.301581528590405, 0.9534351941370534, -0.003148363688302382, -227.066], [-0.02833000236164174, 0.005660327931176157, -0.999582598715034, 112.125], [-0.9530194082909664, 0.3015448412235744, 0.02871787165138212, -564.35], [0, 0, 0, 1]]
  TimeStamp: 1571970334.415942
Frame#64:
  ProbeToWorldMatrix: [[0.5012075656136837, -0.8414788429805787, 0.2017531486437609, -111.771], [-0.1015207663051042, 0.1743608959234192, 0.9794344347538568, -121.749], [-0.8593512146849094, -0.5113820829759772, 0.001963423215077059, -694.99], [0, 0, 0, 1]]
  ReferenceToWorldMatrix: [[0.3016383175685147, 0.9534167010858647, -0.003304461375602435, -227.065], [-0.02820434336363411, 0.005458697269608903, -0.9995872736482518, 112.129], [-0.9530051628348412, 0.3016070236494266, 0.02853704426656972, -564.35], [0, 0, 0, 1]]
  TimeStamp: 1571970334.436651
Frame#65:
  ProbeToWorldMatrix: [[0.5010475196986689, -0.84165154321724, 0.2014300444418609, -111.782], [-0.1012908291515316, 0.1741212120400179, 0.9795008787374876, -121.801], [-0.8594716696515406, -0.5111795020516308, 0.001991418750436624, -694.95], [0, 0, 0, 1]]
  ReferenceToWorldMatrix: [[0.3015327550158371, 0.9534506539503822, -0.003138173696202957, -227.071], [-0.0284126148749327, 0.005695604892322237, -0.9995800535229178, 112.117], [-0.9530323819097272, 0.3014952911182843, 0.02880743766760857, -564.3440000000001], [0, 0, 0, 1]]
  TimeStamp: 1571970334.457115
Frame#66:
  ProbeToWorldMatrix: [[0.5009304033379284, -0.8417047103830408, 0.2014991601240615, -111.792], [-0.1017793732182154, 0.1739108116851157, 0.9794876154226412, -121.825], [-0.8594822221541339, -0.5111635844795929, 0.00144903518464623, -694.936], [0, 0, 0, 1]]
  ReferenceToWorldMatrix: [[0.3016869377926818, 0.9534014528159354, -0.003265169787060465, -227.074], [-0.02815750522072754, 0.005486592801057899, -0.9995884414093533, 112.121], [-0.9529911576006459, 0.3016547149770729, 0.02850063976618045, -564.349], [0, 0, 0, 1]]
  TimeStamp: 1571970334.476371
Frame#67:
  ProbeToWorldMatrix: [[0.5010044162847073, -0.8417094712237987, 0.2012951586982973, -111.796], [-0.1012413688434169, 0.1739935371139224, 0.9795286796604259, -121.83], [-0.8595026236713481, -0.5111275917955701, 0.001955711463906218, -694.932], [0, 0, 0, 1]]
  ReferenceToWorldMatrix: [[0.3015498610619231, 0.9534451736133349, -0.003159463082987062, -227.069], [-0.02849874888886976, 0.00570107803406622, -0.9995775702870782, 112.133], [-0.9530243976967768, 0.3015125181857087, 0.02889115387118718, -564.351], [0, 0, 0, 1]]
  TimeStamp: 1571970334.496716
Frame#68:
  ProbeToWorldMatrix: [[0.5009540180279999, -0.8417297337085683, 0.2013358567481339, -111.801], [-0.1013972369848981, 0.1739480811679602, 0.9795206304054106, -121.837], [-0.8595136253448405, -0.5111096951231577, 0.001790920903267407, -694.927], [0, 0, 0, 1]]
  ReferenceToWorldMatrix: [[0.3015120994124, 0.953456874605493, -0.00323143550950487, -227.07], [-0.02853126740108059, 0.005634710706443613, -0.9995770189513877, 112.12], [-0.9530353722126031, 0.3014767624590323, 0.02890226649944921, -564.3440000000001], [0, 0, 0, 1]]
  TimeStamp: 1571970334.516109
Frame#69:
  ProbeToWorldMatrix: [[0.501190089662935, -0.8415678594399064, 0.2014250033669931, -111.769], [-0.1009196696752298, 0.1743365431164507, 0.9795008882113627, -121.765], [-0.8594322045957445, -0.5112438827917063, 0.00244499729209452, -694.973], [0, 0, 0, 1]]
  ReferenceToWorldMatrix: [[0.3015452482985866, 0.9534467010565782, -0.003138705604529719, -227.061], [-0.02834608552662938, 0.005674395400496246, -0.9995820630004101, 112.127], [-0.9530304101464239, 0.301508191399781, 0.02873756870321942, -564.351], [0, 0, 0, 1]]
  TimeStamp: 1571970334.541183
Frame#70:
  ProbeToWorldMatrix: [[0.5008770146983448, -0.8417061332867829, 0.2016258945033767, -111.799], [-0.10202273959383, 0.1739134550573252, 0.9794618271049635, -121.829], [-0.8594844831366324, -0.5111603421016113, 0.001236086534140785, -694.924], [0, 0, 0, 1]]
